1142
1144
1138
1140
1141
1143
1137
1139
1014
1016
1010
1012
1013
1015
1009
1011
1398
1400
1394
1396
1397
1399
1393
1395
1270
1272
1266
1268
1269
1271
1265
1267
1654
1655
1650
1651
1653
1656
1649
1652
1526
1528
1522
1524
1525
1527
1521
1523
1910
1911
1906
1907
1909
1912
1905
1908
1782
1783
1778
1779
1781
1784
1777
1780
1126
1128
1122
1124
1125
1127
1121
1123
998
1000
994
996
997
999
993
995
1382
1384
1378
1380
1381
1383
1377
1379
1254
1256
1250
1252
1253
1255
1249
1251
1638
1639
1634
1635
1637
1640
1633
1636
1510
1512
1506
1508
1509
1511
1505
1507
1894
1895
1890
1891
1893
1896
1889
1892
1766
1767
1762
1763
1765
1768
1761
1764
1102
1104
1098
1100
1101
1103
1097
1099
974
976
970
972
973
975
969
971
1358
1360
1354
1356
1357
1359
1353
1355
1230
1232
1226
1228
1229
1231
1225
1227
1614
1615
1610
1611
1613
1616
1609
1612
1486
1488
1482
1484
1485
1487
1481
1483
1870
1871
1866
1867
1869
1872
1865
1868
1742
1743
1738
1739
1741
1744
1737
1740
1094
1096
1090
1092
1093
1095
1089
1091
966
968
962
964
965
967
961
963
1350
1352
1346
1348
1349
1351
1345
1347
1222
1224
1218
1220
1221
1223
1217
1219
1606
1607
1602
1603
1605
1608
1601
1604
1478
1480
1474
1476
1477
1479
1473
1475
1862
1863
1858
1859
1861
1864
1857
1860
1734
1735
1730
1731
1733
1736
1729
1732
1078
1080
1074
1076
1077
1079
1073
1075
950
952
946
948
949
951
945
947
1334
1336
1330
1332
1333
1335
1329
1331
1206
1208
1202
1204
1205
1207
1201
1203
1590
1591
1586
1587
1589
1592
1585
1588
1462
1464
1458
1460
1461
1463
1457
1459
1846
1847
1842
1843
1845
1848
1841
1844
1718
1719
1714
1715
1717
1720
1713
1716
1070
1072
1066
1068
1069
1071
1065
1067
942
944
938
940
941
943
937
939
1326
1328
1322
1324
1325
1327
1321
1323
1198
1200
1194
1196
1197
1199
1193
1195
1582
1583
1578
1579
1581
1584
1577
1580
1454
1456
1450
1452
1453
1455
1449
1451
1838
1839
1834
1835
1837
1840
1833
1836
1710
1711
1706
1707
1709
1712
1705
1708
1062
1064
1058
1060
1061
1063
1057
1059
934
936
930
932
933
935
929
931
1318
1320
1314
1316
1317
1319
1313
1315
1190
1192
1186
1188
1189
1191
1185
1187
1574
1575
1570
1571
1573
1576
1569
1572
1446
1448
1442
1444
1445
1447
1441
1443
1830
1831
1826
1827
1829
1832
1825
1828
1702
1703
1698
1699
1701
1704
1697
1700
